# cc-pNTZ does not exist for iodine, therefore cc-pNTZ-PP is required
# You can get the basis for this and other atoms here: https://www.basissetexchange.org/
# Below is an example, very similar to the bromine example also in this directory

%pal
nprocs  4
end

%cpcm
smd true
solvent "Benzene"
end

%scf
MaxIter 150
TolE 1e-6
end

!B3LYP cc-pVTZ

%basis

NewGTO I
S   11
1         5.546500E+03           1.560000E-04
2         8.382140E+02           9.860000E-04
3         1.821870E+02           2.792000E-03
4         3.121230E+01          -4.325100E-02
5         1.953140E+01           2.341340E-01
6         8.240990E+00          -7.509430E-01
7         2.194550E+00           8.829680E-01
8         1.109110E+00           4.620610E-01
9         3.746410E-01           2.228600E-02
10        1.770800E-01          -4.353000E-03
11        8.106100E-02           1.102000E-03
S   11
1         5.546500E+03          -7.300000E-05
2         8.382140E+02          -5.080000E-04
3         1.821870E+02          -1.158000E-03
4         3.121230E+01           1.219300E-02
5         1.953140E+01          -8.785400E-02
6         8.240990E+00           3.382000E-01
7         2.194550E+00          -5.765500E-01
8         1.109110E+00          -4.092980E-01
9         3.746410E-01           5.674590E-01
10        1.770800E-01           6.124890E-01
11        8.106100E-02           1.432310E-01
S   1
1         3.746410E-01           1.000000E+00
S   1
1         1.770800E-01           1.000000E+00
S   1
1         1.001000E-01           1.000000E+00
P   9
1         1.889880E+02           5.850000E-04
2         2.128680E+01           3.692300E-02
3         1.003960E+01          -2.353240E-01
4         3.451800E+00           3.414830E-01
5         1.974560E+00           5.347880E-01
6         1.024200E+00           2.651410E-01
7         4.494370E-01           2.578700E-02
8         1.866480E-01           5.220000E-04
9         7.348100E-02           6.060000E-04
P   9
1         1.889880E+02          -2.560000E-04
2         2.128680E+01          -1.168200E-02
3         1.003960E+01           8.319200E-02
4         3.451800E+00          -1.569700E-01
5         1.974560E+00          -2.245180E-01
6         1.024200E+00          -1.144510E-01
7         4.494370E-01           3.753560E-01
8         1.866480E-01           5.751360E-01
9         7.348100E-02           2.459170E-01
P   1
1         5.981000E-01           1.000000E+00
P   1
1         9.618000E-02           1.000000E+00
D   9
1         1.326620E+02           5.720000E-04
2         3.760540E+01           4.402000E-03
3         1.038910E+01          -4.092200E-02
4         6.490170E+00           9.966100E-02
5         3.454510E+00           3.226630E-01
6         1.844130E+00           4.003430E-01
7         9.624780E-01           2.683060E-01
8         4.728530E-01           8.484700E-02
9         1.932000E-01           7.632000E-03
D   1
1         4.728530E-01           1.000000E+00
D   1
1         1.932000E-01           1.000000E+00
F   1
1         4.064000E-01           1.000000E+00

 end
end

*xyz 0 1
  C      0.74835613      1.40703072     -0.42364203
  C      2.15695505      1.98448300     -0.47588206
  N      2.86804058      1.88516580      0.86913217
  H      2.77029245      1.40458762     -1.17461594
  H      2.15317277      3.03583726     -0.76970190
  O      0.75471238      0.05485247     -0.00730754
  H      0.34023773      1.42194599     -1.43553490
  H      0.07936422      2.00302069      0.21637162
  C      1.37002497     -0.11110071      1.26083715
  C      2.79755067      0.42068219      1.28601583
  H      1.41248505     -1.18593251      1.44379718
  H      0.74858830      0.34137444      2.04482848
  H      3.23706429      0.33266998      2.27834472
  H      3.41994970     -0.11580819      0.55585805
  C      4.31495204      2.25116998      0.65399366
  H      4.36530684      3.29253431      0.34363276
  H      4.71825453      1.57703068     -0.10980581
  H      4.84910009      2.11544047      1.59253771
  C      2.21326433      2.83881619      1.88157921
  C      2.96287606      3.05751849      3.16953593
  H      2.11744012      3.78856925      1.35835822
  H      1.22054041      2.44877654      2.08646789
  C      3.83775502      4.15823299      3.29250050
  C      4.52958831      4.42113152      4.50808600
  C      4.29294549      3.57108217      5.59972190
  C      3.40376116      2.51936154      5.51727457
  C      2.73426186      2.27733758      4.30922226
  H      4.80956224      3.74460754      6.53512978
  H      3.21838332      1.88269433      6.37551096
  C      5.46221431      5.55646353      4.58233477
  O      5.61008629      6.31117370      3.61365975
  C      6.25667201      5.81017954      5.84144079
  H      5.59552069      6.01044644      6.68939482
  H      6.89901547      6.67330087      5.67684226
  H      6.87317077      4.94417916      6.09712425
  O      3.99374860      4.94908452      2.22804319
  O      1.82368555      1.27246133      4.20427797
  H      4.63314255      5.66799871      2.49558019
  H      1.71699767      0.82612778      5.05197947
  I      4.91722941     -0.60367776     -1.71549247
*
